Size Time Quick Sort Time 3-heap
10 0.008727550506591797 0.0
15 0.0010995864868164062 0.0
20 0.006119728088378906 0.0019981861114501953
25 0.0 0.09259414672851562
30 0.014327526092529297 0.06882190704345703
35 0.032781362533569336 0.046643972396850586
40 0.04465651512145996 0.08130216598510742
45 0.045362234115600586 0.07283973693847656
50 0.06646537780761719 0.19506502151489258
55 0.07055974006652832 0.12325382232666016
60 0.06541919708251953 0.17241787910461426
65 0.09213781356811523 0.11686229705810547
70 0.08297538757324219 0.2821838855743408
75 0.1672511100769043 0.292285680770874
80 0.08822822570800781 0.2658705711364746
85 0.12402892112731934 0.37424349784851074
90 0.04365134239196777 0.3726522922515869
95 0.07791352272033691 0.5300629138946533
100 0.1244816780090332 0.47608113288879395
105 0.13179302215576172 0.6862823963165283
110 0.1389598846435547 0.6069145202636719
115 0.13546109199523926 0.6477401256561279
120 0.10494542121887207 0.6843369007110596
125 0.16019129753112793 0.7757325172424316
130 0.10331034660339355 0.688725471496582
135 0.09275245666503906 1.0405397415161133
140 0.09896492958068848 0.9767880439758301
145 0.1562514305114746 1.5312509536743164
150 0.2812497615814209 1.6093792915344238
